33
25
17
29
38
38
13
50
36
50
40
38
13
14
36
41
19
33
10
48
25
13
50
20
18
33
23
46
47
27
50
44
12
31
36
44
30
27
24
19
23
18
35
24
47
33
13
27
33
17
25
17
48
16
46
32
31
27
38
33
20
29
19
21
45
42
19
18
14
10
16
18
49
14
29
50
28
40
35
10
50
24
28
11
25
40
27
42
48
16
48
23
31
24
23
50
26
46
22
44
19
12
28
14
30
39
18
32
14
18
27
11
46
49
30
22
31
15
19
21
22
44
48
28
12
10
39
25
35
33
41
31
25
18
24
38
48
13
47
42
13
39
26
28
43
36
17
46
11
25
41
12
46
14
15
10
40
22
45
12
18
10
22
43
37
45
18
17
37
41
18
46
22
19
13
38
39
38
16
42
25
29
32
35
44
50
50
47
49
15
39
37
13
47
25
45
35
12
32
20
30
50
46
33
20
14
22
12
34
22
32
45
37
35
50
31
34
36
49
29
21
34
31
49
41
48
21
31
11
47
42
47
47
50
39
26
48
39
30
16
22
24
21
22
43
49
34
50
34
27
43
35
40
18
47
40
40
25
18
16
36
32
12
46
33
30
27
18
47
14
32
35
23
34
21
37
37
30
34
48
40
42
19
41
30
44
19
22
14
38
42
15
22
16
49
39
46
49
15
43
41
37
14
31
35
40
36
16
14
37
38
19
24
43
43
38
35
13
11
50
19
17
21
11
49
27
25
40
23
20
49
21
12
18
42
46
25
48
49
30
27
24
37
13
24
21
32
27
25
22
29
44
37
29
37
18
17
13
45
44
31
11
19
13
27
29
50
20
20
36
29
15
16
19
31
50
32
10
39
25
33
16
25
43
40
15
28
33
46
19
17
36
25
45
27
38
48
11
18
28
41
32
13
28
11
43
13
31
42
45
17
38
49
39
19
33
12
21
46
22
22
34
45
33
50
41
10
27
28
46
33
19
39
48
14
40
44
18
36
27
35
50
27
10
18
34
10
30
14
50
18
45
15
31
48
12
11
39
37
48
19
19
45
18
30
48
14
39
11
15
49
39
40
30
28
25
23
20
18
19
37
33
17
12
40
14
37
25
11
35
48
13
18
47
43
39
42
37
26
45
41
44
40
45
24
27
44
24
46
32
27
23
46
16
14
48
16
46
40
42
43
14
39
26
11
34
46
15
19
42
15
21
19
20
23
34
10
24
17
21
42
24
48
23
44
27
47
24
36
48
18
10
29
50
38
44
40
30
45
10
30
31
24
45
13
38
17
35
20
38
41
48
10
23
33
30
18
21
42
11
42
37
49
46
32
50
42
42
39
48
48
42
19
12
29
22
13
43
24
17
39
32
41
39
30
41
37
44
26
17
31
14
44
17
42
13
42
31
20
26
12
25
29
32
42
14
19
47
20
35
19
36
13
19
43
23
25
20
18
14
49
11
30
47
10
28
10
36
17
30
35
48
35
27
14
49
48
35
12
22
32
25
25
17
43
10
18
13
43
41
13
42
11
38
40
46
30
50
35
46
50
45
43
35
13
20
32
40
30
47
32
45
13
47
45
42
46
22
35
37
35
13
35
18
38
14
24
19
16
23
15
21
30
16
36
49
14
34
38
13
32
34
38
23
19
49
24
32
27
45
17
43
42
46
23
19
14
33
19
30
10
18
18
42
20
48
10
27
46
46
18
10
13
33
30
41
24
22
27
14
26
46
43
48
31
48
23
24
48
17
46
15
15
11
48
37
34
48
30
39
15
12
20
41
29
41
36
18
46
48
50
29
33
35
29
29
34
36
33
44
50
42
32
14
25
22
37
16
16
27
10
11
48
31
15
45
11
27
42
35
39
50
24
34
38
41
49
12
39
45
44
39
48
25
13
41
38
14
47
38
36
38
10
42
44
36
21
32
11
37
23
27
48
13
42
12
18
10
44
29
34
34
11
19
36
24
19
22
34
37
13
50
14
26
17
47
28
31
29
34
17
41
17
44
37
13
12
36
33
10
12
22
44
30
32
45
44
34
33
12
45
41
42
31
46
36
44
13
18
44
34
27
46
11
28
24
21
46
16
31
25
42
36
46
32
44
41
25
26
29
50
28
23
42
48
29
20
36
17
43
20
14
23
16
34
18
48
32
19
21
49
26
38
15
43
21
45
39
24
29
30
34
11
34
33
48
39
43
29
48
44
45
35
25
28
18
47
19
16
20
25
50
36
50
20
17
44
13
11
34
17
31
32
25
21
26
42
24
31
22